EVI,EVI2,FarmID,GNDVI,LSWI,MSAVI,NDRE,NDVI,NDWI,OSAVI,SAVI,date,NDVI_sg,EVI_sg
0.2691396266793554,0.21745559470339407,3028,0.4401400088325944,0.1749421908284516,0.19431737329004917,0.3616438048933824,0.47337807653037456,-0.4401400088325944,0.28242087062539123,0.2281346353738272,2023-08-16,0.5072557980220148,0.3386222054915928
0.4528887474578976,0.30568153673281034,3028,0.31486552920141464,0.14634182814304597,0.2668120644149154,0.20892826676839507,0.36069267624078405,-0.31486552920141464,0.27892932411815985,0.2823810403158167,2023-09-20,0.28243153824870737,0.27585926230602054
0.10089744913306914,0.10047747500325203,3028,0.21482408161658015,0.14164406381887956,0.08489334091933906,0.08523357602037014,0.12099687988265168,-0.21482408161658015,0.09289992038546116,0.09330938983039513,2023-10-05,0.15251396490903965,0.21509043171527514
0.13154353867708787,0.064864824280031,3028,0.03206771645593772,0.3069076658396861,0.05468289277414417,0.036705565712293414,0.08126472004611915,-0.03206771645593772,0.061508787422387516,0.06084138758867723,2023-10-10,0.09491055190419412,0.07860059590885683
0.1309533596030999,0.11968298417916266,3028,0.158728725697045,0.44535429862148046,0.1025861538002983,0.07305573233921872,0.20077090401346667,-0.158728725697045,0.13526280229106832,0.11983103775385857,2023-10-15,0.20546785263721679,0.1778389352710714
0.3029209210536116,0.1894590366515898,3028,0.2218937466584522,0.25068243857325856,0.1643230962700171,0.17886141950605355,0.27958876738943145,-0.2218937466584522,0.1987519819689352,0.18467564170713197,2023-10-20,0.2065972514196291,0.21881409366076632
0.304241849378127,0.07129906372197091,3028,0.05241884006862668,0.040151690639331813,0.05952521874678908,0.034227294848952546,0.06299391183499799,-0.05241884006862668,0.05341738825187679,0.06056215353304296,2023-10-30,0.12662452558637055,0.3893782554862719
0.7729580905093422,0.17011212380221857,3028,0.1022650992852863,0.49983267686139443,0.1422072468291103,0.04808151523689186,0.14782962532551017,-0.1022650992852863,0.12595164255512872,0.14372706444025676,2023-11-04,0.12432031731190644,0.8609202700271023
1.3538535191182577,0.383500266227465,3028,0.2798421934359974,0.33198869117510826,0.3313415719543537,0.27610705042500744,0.3885820354036304,-0.2798421934359974,0.31614393061503177,0.3396781140351384,2023-11-09,0.4957271791266663,1.1003756096459174
0.6654865821686665,0.6246073925271027,3028,0.7971577242747568,0.37109715914098157,0.6609670503885416,0.687105337627083,0.9140125297707282,-0.7971577242747568,0.6518757653983618,0.6076554132237934,2023-11-19,0.7154872287967894,0.7675855403825453
0.2836580038016591,0.2673161267508103,3028,0.5627486433661325,0.32954741088026357,0.24441984775576978,0.5503465390674449,0.6028558193594183,-0.5627486433661325,0.3531955550045042,0.28196213157225203,2023-11-24,0.7740030591968147,0.38145352365501906
0.593013995663068,0.49957342177296804,3028,0.5557425829450956,0.2694866410777771,0.46762158685044686,0.479064974318322,0.6499751264649309,-0.5557425829450956,0.485182729746155,0.47297876457217347,2023-11-29,0.4686104596445708,0.5717613835658665
0.8372530377761881,0.2819847672372265,3028,0.2007761549586581,0.16872313810562226,0.2373312558933503,0.18328300862646013,0.25351587527953484,-0.2007761549586581,0.21389476494900367,0.24085404940528532,2023-12-04,0.49092253371826244,0.723877359073888
0.5080207512983276,0.4831208539641198,3028,0.6286273361806528,0.2108849863437338,0.46583377012337956,0.46265433009262313,0.7275446028996956,-0.6286273361806528,0.5129337501641115,0.4729942447699704,2023-12-09,0.5734537922508693,0.6106695686365171
0.4196790089136254,0.40169610255979454,3028,0.548043533852615,0.12589065448367587,0.3741464214470795,0.36686707614793307,0.6163834979700509,-0.548043533852615,0.43123868729339293,0.394871324328855,2023-12-14,0.5903063901070223,0.3496974619747829
0.18902014769400577,0.19995361374654266,3028,0.38174970938288144,-0.11542367751331133,0.1725730136298245,0.1737971674515726,0.2620808733715406,-0.38174970938288144,0.1950983007738828,0.1896508692970072,2023-12-19,0.3776279901106501,0.2047584015652399
0.24928788566455193,0.23252171289638554,3028,0.3773464532810196,0.06709000168451842,0.2023633814144503,0.23826539111337777,0.31091796705376734,-0.3773464532810196,0.22971603559196008,0.22159757970930385,2023-12-24,0.18717714520121453,0.4267514148179403
0.8501129790192791,0.08510719782813027,3028,0.03680641651993586,0.09569863085171972,0.07050406007720444,-0.02663557965294156,0.0611263216767196,-0.03680641651993586,0.054782465040436275,0.0673259051926974,2023-12-29,0.15164140429837253,0.417574694036719
0.1707183438293345,0.17921156607431,3028,0.3836271732282756,-0.20933864998590518,0.15470706992607547,0.18066192435994652,0.25458040151349987,-0.3836271732282756,0.18374410090230595,0.17320790575859166,2024-01-03,0.22994633051143176,0.357410231461716
